-45
-44,85
-44,7
-44,55
-44,4
-44,25
-44,1
-43,95
-43,8
-43,65
-43,5
-43,35
-43,2
-43,05
-42,9
-42,75
-42,6
-42,45
-42,3
-42,15
-42
-41,85
-41,7
-41,55
-41,4
-41,25
-41,1
-40,95
-40,8
-40,65
-40,5
-40,35
-40,2
-40,05
-39,9
-39,75
-39,6
-39,45
-39,3
-39,15
-39
-38,85
-38,7
-38,55
-38,4
-38,25
-38,1
-37,95
-37,8
-37,65
-37,5,
-37,35
-37,2
-37,05
-36,9
-36,75, -36.814
-36,6
-36,45
-36,3
-36,15
-36
-35,85
-35,7
-35,55
-35,4
-35,25
-35,1
-34,95
-34,8
-34,65
-34,5
-34,35
-34,2
-34,05
-33,9
-33,75
-33,6
-33,45
-33,3
-33,15
-33
-32,85
-32,7
-32,55
-32,4
-32,25
-32,1
-31,95, -32.014
-31,8
-31,65
-31,5
-31,35
-31,2, -31.264
-31,05
-30,9
-30,75
-30,6
-30,45,
-30,3
-30,15
-30
-29,85
-29,7
-29,55
-29,4
-29,25
-29,1
-28,95
-28,8, -28.864
-28,65
-28,5 , -28.564
-28,35, -28.414
-28,2 , -28.264
-28,05, -28.114
-27,9, -27.964
-27,75, -27.814
-27,6, -27.664
-27,45, -27.514
-27,3
-27,15  -27.214
-27, -27.064
-26,85
-26,7 -26.764
-26,55
-26,4
-26,25 -26.314
-26,1 -26.164
-25,95 -26.014
-25,8 -25.864
-25,65 -25.714
-25,5
-25,35
-25,2
-25,05
-24,9
-24,75
-24,6
-24,45
-24,3
-24,15
-24
-23,85
-23,7
-23,55
-23,4
-23,25
-23,1
-22,95
-22,8
-22,65
-22,5
-22,35
-22,2
-22,05
-21,9
-21,75
-21,6
-21,45, -21.514
-21,3
-21,15
-21, -21.064
-20,85
-20,7, -20.764
-20,55
-20,4
-20,25 , -20.314
-20,1
-19,95
-19,8
-19,65
-19,5
-19,35
-19,2
-19,05
-18,9
-18,75
-18,6, -18.664
-18,45, -18.514
-18,3
-18,15
-18
-17,85, -17.914
-17,7, -17.764
-17,55, 17.614
-17,4 , -17.464
-17,25, -17.314
-17,1 , -17.164
-16,95, -17.014
-16,8, -16.864
-16,65 -16.714
-16,5
-16,35, -16.414
-16,2, -16.264
-16,05
-15,9, -15.964
-15,75
-15,6
-15,45, -15.514
-15,3
-15,15
-15
-14,85
-14,7
-14,55
-14,4
-14,25, -14.314
-14,1,  -14.164
-13,95, -14.014
-13,8
-13,65
-13,5, -13.564
-13,35, -13,414
-13,2, -13.264
-13,05
-12,9
-12,75
-12,6
-12,45
-12,3
-12,15
-12
-11,85
-11,7
-11,55
-11,4
-11,25
-11,1
-10,95
-10,8
-10,65
-10,5
-10,35
-10,2
-10,05
-9,9
-9,75, -9.814
-9,6, -9.664
-9,45, -9.514
-9,3, -9.364
-9,15, -9.214
-9, -9.064
-8,85, -8.914
-8,7, 8.764
-8,55
-8,4, -8,464
-8,25
-8,1
-7,95, -8.014
-7,8
-7,65
-7,5, -7.564
-7,35
-7,2
-7,05
-6,9
-6,75
-6,6
-6,45
-6,3
-6,15
-6
-5,85
-5,7
-5,55
-5,4
-5,25
-5,1
-4,95
-4,8
-4,65
-4,5 , -4.564
-4,35
-4,2
-4,05
-3,9
-3,75, -3,814
-3,6
-3,45
-3,3
-3,15
-3, -3,064
-2,85, -2.914
-2,7
-2,55
-2,4
-2,25
-2,1 , -2.164
-1,95
-1,8
-1,65
-1,5
-1,35
-1,2
-1,05
-0,9
-0,75
-0,6
-0,45
-0,3
-0,15
0
